0 0.725000 0.606250 0.716667 0.617361 0.709028 0.625000 0.707639 0.632639 0.707639 0.638194 0.722222 0.659028 0.722917 0.629861 0.725000 0.614583
0 0.520139 0.573611 0.496528 0.603472 0.501389 0.640278 0.489583 0.652778 0.457639 0.663889 0.443056 0.675694 0.458333 0.709028 0.471528 0.709028 0.480556 0.704861 0.487500 0.709722 0.509028 0.712500 0.511806 0.704167 0.529861 0.693750 0.559722 0.661111 0.561806 0.648611 0.540278 0.627083 0.526389 0.594444 0.511111 0.588889 0.513889 0.585417 0.522917 0.586111
0 0.515278 0.569444 0.513194 0.569444 0.501389 0.578472 0.486111 0.588194 0.489583 0.591667 0.493056 0.593056 0.494444 0.594444 0.494444 0.597222 0.495139 0.598611 0.508333 0.581944
0 0.531250 0.568750 0.549306 0.617361 0.577083 0.647917 0.576389 0.659722 0.537500 0.700694 0.559028 0.739583 0.587500 0.861111 0.604861 0.876389 0.595833 0.866667 0.602778 0.861111 0.631250 0.862500 0.622222 0.854167 0.627083 0.845833 0.619444 0.800000 0.605556 0.763889 0.609722 0.705556 0.623611 0.692361 0.654861 0.687500 0.639583 0.661806 0.637500 0.677083 0.625000 0.653472 0.633333 0.666667 0.638889 0.659028 0.625694 0.604167 0.599306 0.582639 0.568056 0.581250
0 0.729861 0.556944 0.722222 0.570139 0.711111 0.617361 0.722917 0.604861 0.725694 0.603472 0.727778 0.588194 0.727778 0.565972
0 0.513194 0.563194 0.511111 0.563194 0.509722 0.561806 0.506944 0.561806 0.502083 0.559028 0.500694 0.559028 0.489583 0.547917 0.484028 0.565278 0.481250 0.570139 0.481250 0.582639
0 0.727778 0.547222 0.715278 0.556944 0.711806 0.561806 0.711111 0.584028 0.709722 0.584722 0.706944 0.612500 0.709028 0.609028 0.710417 0.597222 0.711806 0.596528 0.717361 0.571528 0.722917 0.560417 0.727083 0.554861
0 0.490278 0.544444
0 0.638889 0.509028 0.638889 0.511111 0.639583 0.511806 0.640278 0.511806 0.640972 0.512500 0.643056 0.512500 0.641667 0.511111 0.640972 0.511111
0 0.406250 0.506250 0.406944 0.506250 0.409722 0.509028 0.411111 0.509028 0.409722 0.507639 0.409722 0.506944 0.408333 0.505556 0.407639 0.505556 0.406944 0.506250
0 0.448611 0.498611 0.441667 0.496528 0.434028 0.490278 0.432639 0.490278 0.431944 0.489583 0.427083 0.489583 0.424306 0.490972 0.424306 0.495833 0.423611 0.496528 0.424306 0.504861 0.429167 0.511806 0.429167 0.514583 0.434722 0.509722 0.440278 0.509722 0.441667 0.508333 0.443056 0.508333
0 0.409722 0.489583 0.410417 0.492361 0.411806 0.492361 0.412500 0.491667 0.413194 0.492361 0.412500 0.493750 0.413194 0.497222 0.414583 0.499306 0.414583 0.500694 0.415972 0.502778 0.415972 0.504167 0.418056 0.507639 0.418056 0.509028 0.420833 0.514583 0.421528 0.514583 0.421528 0.511111 0.422222 0.510417 0.422222 0.491667 0.420833 0.492361 0.415972 0.492361 0.415278 0.491667 0.413889 0.491667
0 0.334722 0.510417 0.346528 0.526389 0.356250 0.525694 0.377083 0.534028 0.399306 0.531250 0.407639 0.523611 0.418056 0.520833 0.412500 0.512500 0.384028 0.488194 0.405556 0.504861 0.393750 0.486806 0.406250 0.497917 0.420833 0.517361 0.410417 0.495139 0.406944 0.495139 0.407639 0.488194 0.393056 0.487500 0.384722 0.481250 0.379167 0.481250 0.381250 0.484028 0.377778 0.483333 0.368750 0.495833 0.349306 0.493750
0 0.297222 0.475694 0.293750 0.480556 0.292361 0.486111 0.293056 0.491667 0.295139 0.493750 0.294444 0.501389 0.297222 0.500694 0.300000 0.492361 0.304167 0.493056 0.309028 0.498611 0.311111 0.506250 0.315972 0.509028 0.320139 0.514583 0.324306 0.513889 0.331250 0.503472 0.342361 0.493750 0.343056 0.490972 0.336111 0.491667 0.327778 0.486111 0.327778 0.481250 0.309028 0.478472 0.303472 0.474306
0 0.722917 0.469444 0.718056 0.474306 0.715972 0.520139 0.711806 0.554861 0.727778 0.543056 0.728472 0.544444 0.730556 0.543056 0.727778 0.542361 0.728472 0.537500
0 0.715972 0.465972 0.714583 0.467361 0.713889 0.467361 0.713889 0.468056 0.715278 0.469444 0.715278 0.470139 0.715972 0.470833 0.715972 0.471528 0.716667 0.472222 0.717361 0.472222 0.716667 0.471528 0.716667 0.465972
0 0.759722 0.434028 0.727778 0.463194 0.731250 0.600000 0.738889 0.587500 0.736111 0.597917 0.763194 0.574306 0.770139 0.562500 0.764583 0.545833 0.771528 0.559722 0.782639 0.552778 0.748611 0.593750 0.730556 0.603472 0.728472 0.668056 0.740972 0.690972 0.759722 0.684722 0.768056 0.711806 0.782639 0.718750 0.798611 0.693056 0.793750 0.647917 0.801389 0.625694 0.798611 0.581944 0.805556 0.571528 0.768750 0.490972
0 0.693056 0.417361 0.693056 0.422917 0.694444 0.422917 0.695139 0.423611 0.692361 0.426389 0.692361 0.427083 0.693750 0.428472 0.694444 0.428472 0.697222 0.430556 0.698611 0.430556 0.700694 0.431944 0.702083 0.431944 0.702778 0.432639 0.704167 0.432639 0.704861 0.433333 0.705556 0.433333 0.705556 0.422222 0.706250 0.421528 0.706250 0.420139 0.704861 0.420139 0.704167 0.419444 0.701389 0.419444 0.700694 0.418750 0.698611 0.418750 0.697917 0.418056 0.696528 0.418056 0.695833 0.417361
0 0.650000 0.412500 0.651389 0.428472 0.624306 0.438194 0.625694 0.457639 0.619444 0.450694 0.599306 0.485417 0.637500 0.508333 0.604861 0.478472 0.688889 0.543750 0.661806 0.529167 0.663194 0.541667 0.631250 0.543750 0.613889 0.568056 0.602083 0.538889 0.534028 0.504861 0.520139 0.479167 0.501389 0.472917 0.490972 0.543056 0.495139 0.534722 0.531250 0.566667 0.548611 0.557639 0.629167 0.604167 0.637500 0.596528 0.636806 0.640278 0.638194 0.589583 0.642361 0.662500 0.658333 0.687500 0.655556 0.587500 0.678472 0.588194 0.695139 0.618750 0.704861 0.497222
0 0.722222 0.409722 0.720833 0.410417 0.715972 0.419444 0.717361 0.463889 0.724306 0.459028 0.724306 0.442361 0.723611 0.441667
0 0.724306 0.406944 0.723611 0.414583 0.726389 0.418056 0.728472 0.443056 0.727778 0.452778 0.728472 0.456250 0.742361 0.441667 0.756944 0.430556 0.743056 0.419444 0.734722 0.415278 0.727083 0.413194 0.725000 0.410417
0 0.723611 0.404861
0 0.670833 0.403472 0.670833 0.404861 0.672917 0.406944 0.672917 0.407639 0.676389 0.411806 0.677778 0.414583 0.687500 0.424306 0.690278 0.425694 0.690972 0.425000 0.690972 0.406944 0.690278 0.406250 0.690278 0.404167 0.688889 0.404861 0.684028 0.404861 0.683333 0.405556 0.676389 0.405556 0.675694 0.404861 0.674306 0.404861 0.673611 0.404167
0 0.694444 0.403472 0.697222 0.405556 0.696528 0.406250 0.695833 0.406250 0.695139 0.405556 0.693056 0.404861 0.693056 0.409028 0.693750 0.409722 0.693750 0.414583 0.694444 0.415278 0.694444 0.415972 0.696528 0.415972 0.697222 0.416667 0.698611 0.416667 0.699306 0.417361 0.701389 0.417361 0.702083 0.418056 0.706250 0.418056 0.706250 0.405556 0.705556 0.404861 0.705556 0.402083 0.699306 0.402083 0.698611 0.402778 0.697222 0.402778 0.696528 0.403472
0 0.693056 0.397222 0.693056 0.401389 0.694444 0.401389 0.695139 0.400694 0.697917 0.400694 0.698611 0.400000 0.700000 0.400000 0.700694 0.400694 0.701389 0.400694 0.700000 0.399306 0.698611 0.399306 0.697917 0.398611 0.697222 0.398611 0.696528 0.397917 0.695139 0.397917 0.694444 0.397222
0 0.716667 0.395833 0.716667 0.413194 0.717361 0.413194 0.717361 0.412500 0.718750 0.411111 0.718750 0.410417 0.719444 0.409722 0.719444 0.409028 0.720139 0.408333 0.720139 0.407639 0.721528 0.406250 0.721528 0.405556 0.722222 0.404861 0.722222 0.404167 0.722917 0.403472 0.722917 0.402778 0.722222 0.402083 0.722222 0.400694 0.721528 0.400000 0.721528 0.398611 0.720833 0.397917 0.720833 0.397222 0.720139 0.397222 0.719444 0.396528 0.718056 0.396528 0.717361 0.395833
0 0.667361 0.372917 0.667361 0.391667 0.672917 0.393750 0.675694 0.393056 0.681944 0.397222 0.679861 0.397917 0.674306 0.395139 0.668056 0.394444 0.669444 0.400000 0.673611 0.402778 0.687500 0.402778 0.688889 0.402083 0.681250 0.397917 0.683333 0.397222 0.690972 0.400694 0.690972 0.396528 0.692361 0.395139 0.690278 0.395833 0.677083 0.387500 0.669444 0.377778
0 0.652778 0.359722 0.641667 0.368750 0.643750 0.384722 0.640278 0.390278 0.646528 0.392361 0.648611 0.399306 0.653472 0.397222 0.649306 0.402778 0.682639 0.458333 0.686806 0.454167 0.686806 0.464583 0.704861 0.488194 0.705556 0.435417 0.692361 0.431250 0.684722 0.425000 0.667361 0.402083 0.657639 0.393750 0.657639 0.389583 0.665278 0.397222 0.665972 0.393750 0.663194 0.391667 0.663194 0.384028 0.654167 0.375000
0 0.666667 0.357639 0.668056 0.370139 0.679167 0.384722 0.687500 0.390972 0.702778 0.398611 0.706250 0.398611 0.706944 0.388194 0.703472 0.386806 0.699306 0.380556 0.691667 0.378472 0.692361 0.370833 0.689583 0.369444 0.684722 0.360417 0.681944 0.358333 0.677778 0.357639
0 0.654861 0.359028 0.655556 0.359722 0.655556 0.364583 0.656250 0.365278 0.656250 0.372917 0.656944 0.373611 0.657639 0.375694 0.658333 0.375694 0.663194 0.380556 0.664583 0.380556 0.664583 0.379861 0.663889 0.379167 0.663889 0.376389 0.663194 0.375694 0.663194 0.370139 0.663889 0.369444 0.663889 0.360417 0.662500 0.359028 0.662500 0.358333 0.663194 0.357639 0.661111 0.357639 0.660417 0.358333 0.659028 0.358333 0.658333 0.359028
