0 0.268027 0.637113 0.240816 0.589691 0.217687 0.577320 0.240816 0.571134 0.206803 0.519588 0.159184 0.529897 0.140136 0.554639 0.119728 0.560825 0.103401 0.602062 0.119728 0.665979 0.137415 0.674227 0.142857 0.663918 0.164626 0.661856 0.168707 0.680412 0.137415 0.690722 0.047619 0.682474 0.047619 0.694845 0.074830 0.740206 0.110204 0.750515 0.146939 0.746392 0.175510 0.713402 0.197279 0.715464 0.219048 0.692784 0.234014 0.643299
0 0.600000 0.513402
0 0.224490 0.517526 0.225850 0.517526 0.232653 0.527835 0.232653 0.529897 0.254422 0.564948 0.254422 0.567010 0.265306 0.583505 0.265306 0.585567 0.269388 0.585567 0.270748 0.587629 0.277551 0.589691 0.274830 0.585567 0.268027 0.562887 0.254422 0.538144 0.251701 0.529897 0.248980 0.513402
0 0.602721 0.511340
0 0.608163 0.507217
0 0.613605 0.503093
0 0.619048 0.501031
0 0.623129 0.498969 0.624490 0.498969
0 0.627211 0.496907
0 0.254422 0.513402 0.303401 0.630928 0.349660 0.620619 0.439456 0.575258 0.540136 0.552577 0.593197 0.517526 0.531973 0.517526 0.432653 0.474227 0.410884 0.474227 0.405442 0.488660 0.363265 0.494845 0.341497 0.478351 0.311565 0.478351
0 0.794558 0.255670 0.778231 0.241237 0.696599 0.243299 0.670748 0.284536 0.657143 0.350515 0.646259 0.371134 0.587755 0.375258 0.629932 0.463918 0.629932 0.492784 0.642177 0.480412 0.684354 0.474227 0.693878 0.447423 0.744218 0.426804 0.765986 0.435052 0.756463 0.470103 0.801361 0.463918 0.802721 0.441237 0.816327 0.404124 0.814966 0.331959 0.804082 0.313402
