0 0.293773 0.731136 0.292308 0.731868 0.292308 0.734066 0.290843 0.734799 0.290843 0.736996 0.286447 0.743590 0.287912 0.745055 0.286447 0.749451 0.280586 0.758242 0.275458 0.770696 0.267399 0.785348 0.268132 0.791209 0.270330 0.791209 0.271795 0.789744 0.272527 0.786813 0.293040 0.752381 0.287912 0.745055 0.293773 0.744322
0 0.243956 0.731136 0.242491 0.734799 0.242491 0.741392 0.239560 0.748718 0.232234 0.756777 0.226374 0.760440 0.224908 0.765568 0.231502 0.775092 0.232234 0.780952 0.238095 0.789011 0.245421 0.796337 0.251282 0.797070 0.254945 0.789011 0.259341 0.785348 0.256410 0.778755 0.256410 0.773626 0.250549 0.758242 0.249084 0.749451 0.244689 0.742857
0 0.304029 0.728938 0.298901 0.728938 0.298901 0.730403 0.296703 0.731868 0.296703 0.737729 0.295238 0.739927 0.295238 0.744322 0.297436 0.744322 0.297436 0.742125 0.298169 0.741392 0.298169 0.740659 0.298901 0.739927 0.299634 0.739927 0.299634 0.739194 0.300366 0.738462 0.301099 0.738462 0.301099 0.737729 0.302564 0.736264 0.302564 0.734799 0.304029 0.732601
0 0.316484 0.662271 0.317216 0.663004 0.316484 0.663736 0.316484 0.675458 0.317216 0.676190 0.317216 0.677656 0.317216 0.676190 0.317949 0.675458 0.317949 0.673993 0.318681 0.673260 0.318681 0.671795 0.320147 0.670330 0.321612 0.670330 0.322344 0.669597 0.323810 0.669597 0.324542 0.668864 0.325275 0.668864 0.324542 0.668864 0.323810 0.668132 0.323077 0.668132 0.321612 0.666667 0.321612 0.665934 0.320879 0.665934 0.317216 0.662271
0 0.400000 0.636630 0.370696 0.662271 0.350916 0.671795 0.338462 0.671795 0.340659 0.676190 0.334799 0.693040 0.327473 0.734066 0.338462 0.724542 0.364835 0.693773
0 0.240293 0.619780 0.236630 0.624176 0.240293 0.635897 0.240293 0.657875 0.249817 0.658608 0.251282 0.676923 0.261538 0.676923 0.260073 0.701832 0.252747 0.715018 0.254945 0.719414 0.246154 0.728205 0.252015 0.756044 0.262271 0.779487 0.284249 0.745055 0.310623 0.680586 0.304029 0.684249 0.303297 0.679121 0.265934 0.645421 0.256410 0.631502 0.244689 0.619780
0 0.290110 0.603663 0.283516 0.608791 0.264469 0.614652 0.254945 0.621978 0.254945 0.624176 0.257143 0.625641 0.260073 0.631502 0.262271 0.631502 0.264469 0.628571 0.267399 0.630037 0.271795 0.635897 0.271062 0.642491 0.269597 0.643956 0.279121 0.654945 0.292308 0.665934 0.293040 0.652015 0.288645 0.644689 0.291575 0.643223 0.292308 0.638095 0.294506 0.635165 0.293773 0.615385 0.291575 0.611722 0.291575 0.604396
0 0.350183 0.594872 0.350183 0.595604 0.349451 0.596337 0.350183 0.595604
0 0.268132 0.534799 0.248352 0.579487 0.248352 0.589011 0.243223 0.598535 0.244689 0.602198 0.251282 0.602198 0.260806 0.593407 0.261538 0.594872 0.255678 0.599267 0.255678 0.602930 0.265934 0.605128 0.271062 0.603663 0.276923 0.599267 0.277656 0.594139 0.282784 0.594139 0.286447 0.590476 0.282784 0.581685 0.288645 0.589011 0.293040 0.591209 0.295971 0.561905 0.295238 0.551648 0.291575 0.550916 0.294506 0.544322
0 0.322344 0.529670 0.317949 0.532601 0.315751 0.539194 0.316484 0.555311 0.318681 0.561172 0.317216 0.585348 0.319414 0.589011 0.317216 0.608791 0.317949 0.623443 0.319414 0.622711 0.319414 0.612454 0.323077 0.591941 0.322344 0.588278 0.320147 0.587546 0.323810 0.578022 0.323077 0.558242 0.325275 0.548718 0.325275 0.538462
0 0.316484 0.515018 0.316484 0.519414 0.315751 0.520147 0.315751 0.522344 0.316484 0.523077 0.316484 0.525275 0.317216 0.526007 0.320147 0.526007 0.320879 0.525275 0.320879 0.520879 0.318681 0.518681 0.318681 0.517949 0.317949 0.517216 0.317949 0.515751 0.317216 0.515018
0 0.576557 0.506227 0.484982 0.526007 0.469597 0.545788 0.480586 0.526740 0.462271 0.529670 0.429304 0.589011 0.454945 0.534066 0.440293 0.531868 0.402930 0.586081 0.353846 0.618315 0.342125 0.666667 0.372894 0.655678 0.468864 0.547253 0.322344 0.745055 0.316484 0.778022 0.347253 0.788278 0.415385 0.728205 0.452015 0.732601 0.473260 0.715751 0.471795 0.726740 0.495971 0.731868 0.509158 0.722344 0.497436 0.719414 0.505495 0.693040 0.538462 0.695238 0.540659 0.724542 0.519414 0.697436 0.515018 0.709890 0.566300 0.730403 0.576557 0.749451 0.609524 0.739927 0.616117 0.708425 0.596337 0.652015 0.595604 0.587546 0.570696 0.529670
0 0.331136 0.497436 0.328938 0.592674 0.323810 0.610989 0.323810 0.620513 0.327473 0.621245 0.321612 0.627839 0.323810 0.641758 0.317216 0.649084 0.318681 0.655678 0.323810 0.655678 0.328938 0.663736 0.342125 0.611722 0.348718 0.597802 0.330403 0.619780 0.326740 0.619048 0.350183 0.586813 0.355311 0.534066 0.334799 0.510623
0 0.271062 0.491575 0.268864 0.495238 0.263004 0.497436 0.268864 0.503297 0.271062 0.501099 0.276923 0.498901 0.278388 0.500366 0.279853 0.514286 0.278388 0.515751 0.278388 0.518681 0.271795 0.526007 0.270330 0.530403 0.271795 0.530403 0.273993 0.534066 0.290110 0.539194 0.294506 0.539194 0.294506 0.534799 0.296703 0.530403 0.295971 0.516484 0.284249 0.506227 0.283516 0.503297 0.278388 0.495971 0.273993 0.491575
0 0.263736 0.493040 0.264469 0.492308 0.265201 0.492308 0.265934 0.491575 0.266667 0.491575 0.267399 0.490842 0.268132 0.490842 0.268864 0.490110 0.269597 0.490110 0.270330 0.489377 0.271795 0.489377 0.271062 0.489377 0.270330 0.488645 0.269597 0.488645 0.268132 0.487179 0.267399 0.487179 0.266667 0.486447 0.265934 0.486447 0.264469 0.484982 0.264469 0.490842 0.263736 0.491575
0 0.265201 0.475458 0.265201 0.476190 0.264469 0.476923 0.264469 0.477656 0.263004 0.479121 0.263004 0.480586 0.263736 0.480586 0.265201 0.482051 0.265934 0.482051 0.266667 0.482784 0.267399 0.482784 0.269597 0.484982 0.270330 0.484982 0.272527 0.487179 0.274725 0.487179 0.273993 0.486447 0.273993 0.484982 0.272527 0.483516 0.272527 0.482784 0.271795 0.482051 0.271795 0.481319 0.265934 0.475458
0 0.268132 0.464469 0.268132 0.465201 0.267399 0.465934 0.267399 0.471795 0.268132 0.472527 0.268132 0.473993 0.268864 0.474725 0.268864 0.475458 0.270330 0.476923 0.270330 0.477656 0.271062 0.478388 0.271062 0.476190 0.270330 0.475458 0.270330 0.469597 0.269597 0.468864 0.269597 0.467399 0.268864 0.466667 0.268864 0.465934 0.268132 0.465201
0 0.271795 0.452015 0.271062 0.459341 0.272527 0.463004 0.272527 0.468864 0.276923 0.476923 0.279853 0.490110 0.288645 0.504762 0.291575 0.507692 0.295238 0.507692 0.300366 0.510623 0.297436 0.504029 0.295971 0.495971 0.291575 0.488645 0.289377 0.471795 0.285714 0.460073
0 0.266667 0.451282 0.266667 0.460073 0.267399 0.460806 0.267399 0.462271 0.267399 0.452747 0.266667 0.452015
0 0.547253 0.425641 0.528938 0.421978 0.522344 0.424908 0.482051 0.487179 0.463004 0.526007 0.481319 0.523810 0.485714 0.520879 0.516484 0.481319
0 0.282051 0.407326 0.273260 0.417582 0.271795 0.424908 0.268864 0.430769 0.268864 0.443956 0.273993 0.449084 0.285714 0.454945 0.289377 0.455678 0.296703 0.460073 0.301832 0.460073 0.304029 0.412454 0.301832 0.411722 0.298901 0.414652 0.290843 0.414652
0 0.325275 0.392674 0.318681 0.460073 0.320147 0.509158 0.324542 0.516484 0.326740 0.515751 0.326007 0.449817 0.323810 0.448352 0.326740 0.437363
0 0.294506 0.391209 0.293773 0.391941 0.293773 0.392674 0.292308 0.394139 0.291575 0.396337 0.290843 0.397070 0.290110 0.397070 0.290110 0.397802 0.289377 0.398535 0.288645 0.398535 0.287912 0.399267 0.286447 0.399267 0.286447 0.403663 0.287179 0.404396 0.287179 0.405128 0.288645 0.405128 0.289377 0.405861 0.290843 0.405861 0.293040 0.407326 0.296703 0.407326 0.298169 0.405861 0.300366 0.405128 0.300366 0.404396 0.299634 0.403663 0.299634 0.402198 0.298169 0.400000 0.298169 0.398535 0.296703 0.396337 0.296703 0.394872 0.295238 0.392674 0.295238 0.391209
0 0.306227 0.377289 0.301832 0.380952 0.301099 0.380952 0.298901 0.383150 0.298901 0.384615 0.298169 0.385348 0.298169 0.386813 0.298901 0.387546 0.298901 0.389011 0.298169 0.389744 0.298169 0.390476 0.299634 0.392674 0.299634 0.394139 0.300366 0.394872 0.300366 0.396337 0.301099 0.397070 0.301099 0.398535 0.301832 0.399267 0.301832 0.401465 0.302564 0.402198 0.302564 0.402930 0.305495 0.400000 0.306227 0.400000 0.307692 0.398535 0.307692 0.390476 0.308425 0.389744 0.308425 0.381685 0.307692 0.380952
0 0.630037 0.389744 0.612454 0.378022 0.583150 0.375092 0.552381 0.423443 0.616850 0.416850 0.550916 0.427106 0.515018 0.490110 0.487179 0.522344 0.575092 0.503297 0.572161 0.471062 0.562637 0.452747 0.578755 0.444689 0.585348 0.454212 0.593407 0.454212 0.595604 0.490110 0.616850 0.491575 0.615385 0.454212 0.625641 0.457143 0.625641 0.482784 0.632967 0.478388 0.631502 0.457143 0.641758 0.449084 0.641026 0.421245 0.627839 0.407326
0 0.578022 0.372894 0.574359 0.374359 0.559707 0.372894 0.553846 0.375824 0.548718 0.375824 0.526740 0.419048 0.549451 0.423443
0 0.310623 0.369231 0.310623 0.369963 0.309890 0.370696 0.309890 0.371429 0.309158 0.372161 0.308425 0.372161 0.307692 0.372894 0.306960 0.372894 0.306960 0.373626 0.308425 0.375092 0.308425 0.375824 0.309158 0.376557 0.309158 0.378022 0.309890 0.378755 0.309890 0.376557 0.310623 0.375824
0 0.545055 0.374359 0.538462 0.375092 0.523077 0.368498 0.515018 0.370696 0.471795 0.470330 0.442491 0.526007 0.459341 0.526007 0.473993 0.493773 0.522344 0.421978
0 0.367766 0.371429 0.366300 0.369963 0.365568 0.369963 0.363370 0.367766 0.362637 0.367766 0.361905 0.368498 0.359707 0.368498 0.358242 0.369963 0.357509 0.369963 0.356044 0.371429 0.354579 0.371429
0 0.384615 0.300366
0 0.496703 0.293040 0.403663 0.455678 0.369963 0.543590 0.359707 0.606593 0.396337 0.586081 0.474725 0.452747 0.510623 0.369231 0.496703 0.361905 0.501099 0.351648 0.488645 0.352381 0.495971 0.340659 0.493773 0.328205 0.508425 0.341392 0.515018 0.321612
0 0.394139 0.268864 0.385348 0.298169 0.393407 0.301099 0.374359 0.336264 0.328205 0.366300 0.328938 0.376557 0.344322 0.373626 0.381685 0.342125 0.372161 0.367033 0.372894 0.358974 0.365568 0.365568 0.372161 0.373626 0.330403 0.380220 0.329670 0.408791 0.353846 0.410256 0.368498 0.375092 0.345055 0.439560 0.352381 0.413919 0.331136 0.411722 0.331136 0.468864 0.345788 0.441026 0.332601 0.494505 0.356044 0.529670 0.399267 0.314286 0.401465 0.276190
0 0.439560 0.254212 0.422711 0.254212 0.416117 0.273260 0.402930 0.364835 0.427839 0.362637 0.454212 0.336996 0.432967 0.363370 0.401465 0.369963 0.378755 0.450549 0.368498 0.542125 0.390476 0.473260 0.492308 0.291575 0.477656 0.272527
