0 0.779861 0.726042 0.779861 0.728125 0.780556 0.729167 0.783333 0.729167 0.784028 0.730208 0.785417 0.730208 0.786111 0.731250 0.786806 0.731250 0.787500 0.730208 0.787500 0.727083 0.786806 0.726042 0.786806 0.725000 0.786111 0.725000 0.784028 0.721875 0.783333 0.721875 0.780556 0.726042
0 0.766667 0.707292 0.766667 0.713542 0.765972 0.714583 0.765972 0.716667 0.765278 0.717708 0.765278 0.719792 0.765972 0.720833 0.765972 0.727083 0.768750 0.727083 0.770833 0.730208 0.776389 0.730208 0.777778 0.728125 0.777778 0.727083 0.778472 0.726042 0.778472 0.723958 0.777778 0.722917 0.777778 0.719792 0.777083 0.718750 0.777083 0.717708 0.775000 0.714583 0.774306 0.714583 0.773611 0.713542 0.771528 0.712500 0.770139 0.710417 0.769444 0.710417 0.768056 0.708333 0.767361 0.708333
0 0.793056 0.706250 0.793750 0.715625 0.800000 0.717708 0.802083 0.722917 0.806250 0.722917 0.809028 0.727083 0.813194 0.727083 0.815972 0.728125 0.817361 0.730208 0.818750 0.730208 0.824306 0.725000 0.829167 0.717708 0.829167 0.713542 0.821528 0.714583 0.819444 0.710417 0.813889 0.711458 0.811111 0.716667 0.806250 0.717708 0.804861 0.715625 0.804167 0.709375 0.800694 0.709375 0.800000 0.705208 0.797222 0.705208 0.795139 0.703125
0 0.755556 0.696875 0.755556 0.711458 0.754861 0.712500 0.754861 0.722917 0.754167 0.723958 0.754167 0.726042 0.755556 0.728125 0.756944 0.728125 0.759722 0.731250 0.761111 0.731250 0.762500 0.729167 0.763889 0.729167 0.763889 0.726042 0.764583 0.725000 0.763889 0.723958 0.763889 0.721875 0.763194 0.720833 0.763194 0.705208 0.762500 0.705208 0.759722 0.701042 0.759028 0.701042 0.756944 0.696875
0 0.726389 0.683333 0.725694 0.685417 0.729167 0.689583 0.731250 0.698958 0.736806 0.709375 0.738194 0.713542 0.738889 0.719792 0.740972 0.723958 0.740972 0.726042 0.742361 0.728125 0.743750 0.728125 0.746528 0.723958 0.750000 0.723958 0.750694 0.721875 0.750000 0.718750 0.750000 0.701042 0.749306 0.700000 0.748611 0.693750 0.745833 0.690625 0.743750 0.690625 0.740972 0.688542 0.738194 0.688542 0.731944 0.684375
0 0.697917 0.681250 0.700000 0.684375 0.700000 0.691667 0.704167 0.702083 0.704167 0.707292 0.705556 0.710417 0.709028 0.712500 0.713889 0.712500 0.715278 0.714583 0.720139 0.715625 0.728472 0.722917 0.736111 0.723958 0.735417 0.719792 0.733333 0.717708 0.731250 0.712500 0.725694 0.692708 0.723611 0.689583 0.721528 0.688542 0.718750 0.684375 0.713194 0.684375 0.706944 0.682292 0.698611 0.682292
0 0.904861 0.588542 0.897222 0.591667 0.884722 0.603125 0.861806 0.610417 0.864583 0.618750 0.865972 0.637500 0.872222 0.650000 0.875000 0.663542 0.879861 0.672917 0.880556 0.678125 0.887500 0.688542 0.887500 0.681250 0.895833 0.678125 0.899306 0.670833 0.905556 0.671875 0.908333 0.669792 0.912500 0.656250 0.913194 0.640625 0.911111 0.611458 0.908333 0.594792
0 0.663194 0.580208 0.664583 0.593750 0.669444 0.600000 0.682639 0.629167 0.697917 0.675000 0.702778 0.677083 0.718750 0.677083 0.705556 0.655208 0.695833 0.651042 0.693750 0.647917 0.695833 0.640625 0.694444 0.633333 0.675000 0.597917
0 0.900000 0.566667 0.897917 0.567708 0.895833 0.571875 0.890972 0.575000 0.890278 0.578125 0.888194 0.581250 0.888194 0.582292 0.885417 0.584375 0.884028 0.588542 0.880556 0.593750 0.879861 0.593750 0.879167 0.595833 0.882639 0.595833 0.885417 0.593750 0.888889 0.589583 0.890278 0.589583 0.891667 0.587500 0.893750 0.587500 0.894444 0.586458 0.897917 0.586458 0.897917 0.585417 0.900000 0.582292 0.903472 0.581250 0.902083 0.578125 0.901389 0.571875 0.900000 0.568750
0 0.758333 0.556250 0.753472 0.562500 0.749306 0.583333 0.754167 0.600000 0.751389 0.620833 0.753472 0.688542 0.789583 0.719792 0.784722 0.710417 0.784028 0.683333 0.795139 0.675000 0.806944 0.655208 0.806250 0.647917 0.816667 0.643750 0.809028 0.623958 0.800694 0.616667 0.793750 0.671875 0.797917 0.616667 0.772222 0.601042 0.778472 0.584375 0.784722 0.581250 0.793750 0.588542 0.800000 0.579167 0.795139 0.572917 0.785417 0.573958 0.790278 0.556250 0.770833 0.560417
0 0.807639 0.546875 0.806250 0.561458 0.802778 0.565625 0.797222 0.567708 0.796528 0.569792 0.805556 0.569792 0.810417 0.573958 0.810417 0.577083 0.807639 0.583333 0.804167 0.579167 0.801389 0.580208 0.801389 0.582292 0.804167 0.585417 0.802083 0.586458 0.800000 0.591667 0.799306 0.607292 0.801389 0.611458 0.805556 0.613542 0.811111 0.621875 0.811111 0.626042 0.813194 0.627083 0.815972 0.617708 0.815278 0.597917 0.811111 0.590625 0.813194 0.587500 0.811111 0.579167 0.812500 0.570833 0.809722 0.558333 0.809722 0.548958
0 0.847222 0.467708 0.849306 0.562500 0.850694 0.572917 0.853472 0.578125 0.853472 0.586458 0.859028 0.598958 0.863194 0.598958 0.875000 0.586458 0.881250 0.575000 0.890278 0.564583 0.895833 0.553125 0.883333 0.531250 0.881944 0.521875 0.865278 0.496875 0.854167 0.473958
0 0.769444 0.442708 0.713889 0.452083 0.718056 0.515625 0.665278 0.533333 0.656250 0.546875 0.658333 0.565625 0.700000 0.632292 0.716667 0.645833 0.709722 0.654167 0.720139 0.672917 0.747917 0.686458 0.747222 0.641667 0.739583 0.650000 0.727778 0.632292 0.746528 0.635417 0.745833 0.617708 0.720833 0.625000 0.703472 0.596875 0.725694 0.595833 0.725694 0.618750 0.732639 0.618750 0.749306 0.598958 0.750000 0.564583 0.745139 0.560417 0.756944 0.552083 0.775000 0.555208 0.775694 0.544792 0.786111 0.552083 0.803472 0.543750 0.785417 0.525000 0.794444 0.522917 0.804861 0.536458 0.794444 0.455208
0 0.717361 0.441667 0.722222 0.441667 0.732639 0.437500 0.745139 0.436458 0.747222 0.434375 0.772917 0.435417 0.781944 0.439583 0.789583 0.439583 0.772222 0.435417 0.766667 0.428125 0.759028 0.423958 0.754861 0.417708 0.744444 0.414583 0.734722 0.415625 0.729167 0.418750 0.724306 0.423958
