0 0.303472 0.809375 0.304861 0.809375 0.305556 0.808333 0.303472 0.808333
0 0.282639 0.817708 0.283333 0.818750 0.286111 0.818750 0.287500 0.816667 0.288194 0.816667 0.290278 0.813542 0.291667 0.813542 0.293750 0.810417 0.293750 0.809375 0.292361 0.809375 0.291667 0.808333 0.290278 0.808333 0.289583 0.807292 0.286806 0.807292 0.286111 0.806250 0.284028 0.806250 0.283333 0.805208 0.282639 0.805208 0.282639 0.806250 0.283333 0.807292 0.283333 0.808333 0.284028 0.809375 0.284028 0.812500 0.283333 0.813542 0.283333 0.816667
0 0.310417 0.796875 0.310417 0.800000 0.309722 0.801042 0.310417 0.801042 0.311111 0.802083 0.311111 0.803125 0.312500 0.803125 0.312500 0.802083 0.311806 0.802083 0.311111 0.801042 0.311111 0.800000 0.311806 0.798958 0.311806 0.797917 0.311111 0.796875
0 0.307639 0.795833
0 0.301389 0.793750 0.301389 0.798958 0.302083 0.800000 0.302083 0.801042 0.300694 0.803125 0.300694 0.804167 0.305556 0.804167 0.304861 0.803125 0.304861 0.801042 0.304167 0.800000 0.304167 0.798958 0.303472 0.797917 0.302778 0.798958 0.302083 0.798958 0.301389 0.797917 0.302083 0.796875 0.302083 0.795833 0.302778 0.794792 0.302083 0.793750
0 0.308333 0.791667 0.308333 0.793750 0.309028 0.792708
0 0.279167 0.791667 0.279167 0.797917 0.281250 0.801042 0.282639 0.801042 0.283333 0.802083 0.284722 0.802083 0.286806 0.804167 0.288889 0.804167 0.289583 0.805208 0.293750 0.805208 0.294444 0.806250 0.297222 0.806250 0.297222 0.801042 0.295139 0.798958 0.296528 0.797917 0.296528 0.796875 0.297917 0.794792 0.298611 0.794792 0.298611 0.792708 0.294444 0.785417 0.288194 0.785417 0.287500 0.786458 0.286111 0.786458 0.284722 0.788542 0.288194 0.791667 0.287500 0.792708 0.286111 0.792708 0.281944 0.789583
0 0.297917 0.784375 0.297222 0.785417 0.296528 0.785417 0.297917 0.787500 0.297917 0.788542 0.298611 0.789583 0.298611 0.786458 0.297917 0.785417
0 0.302083 0.783333 0.302083 0.789583 0.303472 0.791667 0.304167 0.790625 0.306250 0.790625 0.306250 0.789583 0.306944 0.788542 0.306944 0.787500 0.307639 0.786458 0.307639 0.784375 0.306944 0.784375 0.306250 0.783333
0 0.314583 0.781250 0.313889 0.782292 0.313889 0.784375 0.313194 0.785417 0.313194 0.786458 0.311806 0.788542 0.313889 0.791667 0.313889 0.792708 0.315278 0.794792 0.315972 0.794792 0.316667 0.793750 0.319444 0.793750 0.318056 0.791667 0.318056 0.789583 0.317361 0.788542 0.317361 0.785417 0.316667 0.784375 0.316667 0.783333 0.315278 0.781250
0 0.302083 0.779167 0.302083 0.780208 0.304861 0.780208 0.304861 0.778125 0.302778 0.778125
0 0.306944 0.778125 0.307639 0.778125 0.309028 0.780208 0.311111 0.780208 0.311111 0.779167 0.311806 0.778125 0.311111 0.777083 0.307639 0.777083
0 0.306250 0.759375 0.306250 0.760417 0.304861 0.762500 0.304167 0.762500 0.304167 0.764583 0.304861 0.765625 0.304861 0.768750 0.305556 0.769792 0.305556 0.772917 0.307639 0.772917 0.308333 0.771875 0.311111 0.771875 0.311806 0.770833 0.309722 0.767708 0.309722 0.766667 0.308333 0.764583 0.308333 0.762500
0 0.318750 0.775000 0.318750 0.778125 0.322222 0.787500 0.322917 0.791667 0.327778 0.796875 0.331944 0.796875 0.334028 0.794792 0.337500 0.794792 0.338889 0.792708 0.343056 0.791667 0.344444 0.789583 0.347917 0.788542 0.345833 0.783333 0.338194 0.770833 0.338194 0.769792 0.329861 0.758333 0.329861 0.760417 0.325694 0.765625 0.325694 0.768750 0.323611 0.771875 0.320139 0.772917
0 0.310417 0.752083 0.310417 0.754167 0.311806 0.756250 0.311806 0.759375 0.312500 0.760417 0.313194 0.760417 0.311806 0.758333 0.311806 0.756250 0.311111 0.755208 0.311111 0.754167 0.310417 0.753125
0 0.397917 0.745833 0.397917 0.747917 0.396528 0.750000 0.396528 0.751042 0.395833 0.752083 0.395833 0.754167 0.395139 0.755208 0.395139 0.756250 0.393750 0.758333 0.393750 0.760417 0.394444 0.761458 0.394444 0.764583 0.395139 0.765625 0.395139 0.766667 0.395833 0.766667 0.395833 0.765625 0.396528 0.764583 0.397222 0.764583 0.398611 0.766667 0.400694 0.766667 0.401389 0.765625 0.403472 0.765625 0.404861 0.763542 0.407639 0.763542 0.408333 0.762500 0.408333 0.761458 0.406944 0.759375 0.406944 0.758333 0.406250 0.757292 0.406250 0.756250 0.404861 0.754167 0.404861 0.753125 0.403472 0.751042 0.402778 0.751042 0.402083 0.750000 0.402083 0.748958 0.401389 0.748958 0.399306 0.745833
0 0.309028 0.744792 0.309028 0.746875 0.309722 0.746875 0.310417 0.747917 0.310417 0.748958 0.311111 0.750000 0.311111 0.748958 0.309722 0.746875 0.309722 0.745833
0 0.381944 0.735417 0.379861 0.736458 0.380556 0.760417 0.382639 0.769792 0.381944 0.771875 0.382639 0.773958 0.386806 0.775000 0.388194 0.773958 0.389583 0.769792 0.393056 0.764583 0.391667 0.761458 0.392361 0.756250 0.390972 0.754167 0.390972 0.752083 0.391667 0.751042 0.393750 0.753125 0.395139 0.750000 0.395139 0.747917 0.396528 0.745833 0.396528 0.743750 0.393056 0.738542 0.388889 0.737500 0.390278 0.740625 0.391667 0.748958 0.390972 0.752083 0.388194 0.744792 0.386806 0.736458
0 0.375000 0.732292 0.369444 0.734375 0.361111 0.732292 0.358333 0.736458 0.356944 0.735417 0.356944 0.733333 0.350000 0.734375 0.338889 0.742708 0.331944 0.752083 0.331250 0.756250 0.350694 0.786458 0.358333 0.785417 0.360417 0.782292 0.365972 0.780208 0.370833 0.772917 0.373611 0.772917 0.376389 0.777083 0.377083 0.757292
0 0.313194 0.732292 0.311111 0.734375 0.309722 0.739583 0.311806 0.744792 0.311806 0.746875 0.313194 0.748958 0.313889 0.754167 0.315278 0.757292 0.315278 0.760417 0.316667 0.764583 0.316667 0.768750 0.315972 0.769792 0.314583 0.766667 0.313889 0.762500 0.313889 0.764583 0.315972 0.770833 0.316667 0.768750 0.318750 0.768750 0.322222 0.765625 0.322917 0.762500 0.325000 0.758333 0.327083 0.756250 0.327083 0.753125 0.322917 0.746875 0.322917 0.744792 0.320833 0.740625 0.318750 0.738542 0.318056 0.735417 0.316667 0.734375 0.316667 0.732292
0 0.292361 0.709375 0.292361 0.710417 0.295139 0.714583 0.295139 0.715625 0.297917 0.719792 0.297917 0.720833 0.298611 0.721875 0.298611 0.722917 0.299306 0.723958 0.300000 0.723958 0.300694 0.725000 0.301389 0.725000 0.301389 0.723958 0.302083 0.722917 0.302083 0.719792 0.301389 0.718750 0.301389 0.717708 0.299306 0.714583 0.299306 0.713542 0.297222 0.710417 0.296528 0.710417 0.295833 0.709375
0 0.678472 0.694792 0.678472 0.702083 0.679167 0.701042 0.679861 0.701042 0.680556 0.700000 0.681944 0.700000 0.682639 0.698958 0.681944 0.698958 0.679167 0.694792
0 0.719444 0.693750 0.713889 0.692708 0.713194 0.708333 0.706944 0.693750 0.695139 0.694792 0.682639 0.702083 0.681944 0.707292 0.681250 0.702083 0.678472 0.704167 0.678472 0.735417 0.671528 0.746875 0.671528 0.757292 0.669444 0.748958 0.658333 0.761458 0.645139 0.767708 0.642361 0.775000 0.652778 0.773958 0.660417 0.766667 0.665278 0.771875 0.674306 0.764583 0.671528 0.757292 0.676389 0.764583 0.686111 0.757292 0.688194 0.752083 0.684028 0.723958 0.678472 0.720833 0.683333 0.719792 0.684028 0.712500 0.686111 0.720833 0.689583 0.721875 0.686806 0.727083 0.690278 0.736458 0.690972 0.756250 0.696528 0.755208 0.702083 0.725000 0.709028 0.733333 0.717361 0.723958 0.715972 0.717708 0.721528 0.719792 0.718750 0.712500
0 0.678472 0.690625 0.679861 0.690625 0.680556 0.691667 0.681250 0.691667 0.684028 0.695833 0.684028 0.696875 0.685417 0.698958 0.687500 0.695833 0.688194 0.695833 0.688889 0.694792 0.690278 0.694792 0.690972 0.693750 0.693750 0.693750 0.694444 0.692708 0.690972 0.692708 0.689583 0.690625 0.688194 0.690625 0.687500 0.689583 0.686111 0.689583 0.685417 0.688542 0.681250 0.688542 0.680556 0.689583 0.679861 0.689583 0.679167 0.690625
0 0.261111 0.663542 0.263194 0.690625 0.265972 0.697917 0.268056 0.732292 0.270139 0.733333 0.277083 0.720833 0.278472 0.721875 0.272222 0.732292 0.271528 0.738542 0.267361 0.734375 0.268056 0.744792 0.273611 0.758333 0.270833 0.758333 0.270139 0.769792 0.278472 0.787500 0.290278 0.781250 0.290278 0.778125 0.299306 0.776042 0.300694 0.759375 0.296528 0.744792 0.300694 0.743750 0.295833 0.736458 0.294444 0.728125 0.279167 0.694792
0 0.743056 0.639583 0.725000 0.680208 0.724306 0.685417 0.725694 0.693750 0.724306 0.702083 0.725000 0.707292 0.731250 0.707292 0.731944 0.704167 0.734722 0.700000 0.737500 0.669792 0.739583 0.663542 0.739583 0.658333 0.742361 0.647917
0 0.820833 0.554167 0.820139 0.554167 0.819444 0.555208 0.819444 0.558333 0.820833 0.556250
0 0.332639 0.521875 0.325000 0.521875 0.315972 0.538542 0.310417 0.565625 0.275000 0.597917 0.259028 0.632292 0.259028 0.654167 0.284722 0.701042 0.297222 0.700000 0.295139 0.705208 0.303472 0.710417 0.300694 0.712500 0.307639 0.731250 0.314583 0.729167 0.309722 0.716667 0.328472 0.751042 0.339583 0.736458 0.355556 0.728125 0.355556 0.719792 0.358333 0.726042 0.375000 0.725000 0.374306 0.696875 0.364583 0.654167 0.381250 0.704167 0.388194 0.679167 0.386111 0.651042 0.375000 0.612500 0.345139 0.588542 0.349306 0.571875 0.347917 0.538542
0 0.786111 0.277083 0.751389 0.280208 0.745139 0.334375 0.763889 0.316667 0.746528 0.338542 0.768750 0.392708 0.749306 0.432292 0.730556 0.418750 0.703472 0.456250 0.712500 0.472917 0.663194 0.567708 0.682639 0.546875 0.696528 0.557292 0.679167 0.686458 0.720139 0.690625 0.736111 0.610417 0.752083 0.620833 0.736806 0.697917 0.759028 0.659375 0.744444 0.704167 0.831250 0.683333 0.840972 0.663542 0.831250 0.617708 0.856250 0.573958 0.806944 0.579167 0.814583 0.544792 0.829167 0.545833 0.817361 0.570833 0.831250 0.569792 0.827778 0.557292 0.836111 0.569792 0.877083 0.555208 0.888194 0.533333 0.886806 0.450000 0.857639 0.386458 0.797222 0.332292 0.789583 0.285417 0.775000 0.300000
