0 0.435897 0.564103 0.435897 0.565568 0.436630 0.566300 0.436630 0.564835
0 0.110623 0.526007 0.110623 0.545055 0.116484 0.569231 0.119414 0.574359 0.124542 0.575092 0.131868 0.579487 0.145788 0.613919 0.150916 0.616850 0.156777 0.616117 0.161905 0.605128 0.170696 0.598535 0.169231 0.589011 0.161172 0.582418 0.145788 0.563370 0.142857 0.562637 0.121612 0.542125 0.113553 0.526740
0 0.121612 0.520879 0.121612 0.526007 0.136264 0.539194 0.138462 0.539194 0.143590 0.545788 0.146520 0.546520 0.161172 0.566300 0.169963 0.574359 0.194139 0.569963 0.191941 0.561172 0.188278 0.558974 0.188278 0.556777 0.181685 0.548718 0.180952 0.545055 0.165568 0.520879
0 0.052015 0.517216 0.039560 0.518681 0.025641 0.525275 0.013919 0.528205 0.008791 0.531868 0.000000 0.533333 0.002930 0.561905 0.005128 0.564103 0.006593 0.572161 0.006593 0.592674 0.002930 0.600000 0.002930 0.605128 0.009524 0.609524 0.021978 0.608059 0.038095 0.594139 0.041026 0.576557 0.049084 0.559707 0.049817 0.545788 0.053480 0.533333 0.053480 0.518681
0 0.251282 0.464469 0.230769 0.464469 0.226374 0.468132 0.222711 0.476923 0.217582 0.477656 0.213187 0.482051 0.213187 0.518681 0.197802 0.518681 0.185348 0.515018 0.186081 0.524542 0.204396 0.535531 0.205128 0.546520 0.211722 0.556777 0.223443 0.558974 0.222711 0.535531 0.249084 0.487179 0.253480 0.474725 0.253480 0.466667
0 0.402198 0.254945 0.374359 0.286447 0.373626 0.334799 0.389011 0.380220 0.402198 0.459341 0.409524 0.657875 0.419048 0.664469 0.435897 0.605128 0.435897 0.581685 0.405861 0.431502
0 0.238828 0.238095 0.218315 0.285714 0.222711 0.366300 0.250549 0.374359 0.260073 0.407326 0.267399 0.400000 0.260806 0.363370 0.295238 0.357509 0.299634 0.364103 0.290110 0.412454 0.266667 0.439560 0.257875 0.554579 0.287912 0.580220 0.294506 0.605128 0.326007 0.645421 0.367766 0.635897 0.372161 0.517216 0.341392 0.266667 0.354579 0.254945 0.331136 0.244689 0.322344 0.257875 0.302564 0.246886 0.281319 0.252747
0 0.646886 0.108425 0.564835 0.584615 0.628571 0.679121 0.545055 0.670330 0.520879 0.753846 0.579487 0.813187 0.650549 0.834432 0.550183 0.717216 0.589744 0.704762 0.649084 0.748718 0.690843 0.726007 0.731868 0.796337 0.890110 0.832234 0.899634 0.745788 0.948718 0.818315 0.997802 0.827106 0.996337 0.495971 0.912088 0.463004 0.877656 0.350916 0.802198 0.261538 0.695971 0.246886 0.675458 0.134799
0 0.512821 0.093040 0.479853 0.117216 0.462271 0.143590 0.452747 0.171429 0.451282 0.220513 0.476923 0.221245 0.477656 0.233700 0.457875 0.250549 0.439560 0.251282 0.430769 0.278388 0.433700 0.385348 0.455678 0.401465 0.455678 0.416117 0.437363 0.427106 0.449817 0.509158 0.460073 0.475458 0.469597 0.312088 0.488645 0.266667 0.503297 0.170696 0.513553 0.150183
0 0.590476 0.077656 0.528205 0.088645 0.520879 0.098901 0.520879 0.170696 0.494505 0.304029 0.513553 0.306227 0.527473 0.322344 0.511355 0.336996 0.490842 0.328938 0.474725 0.432967 0.470330 0.583883 0.529670 0.517216 0.542125 0.549451 0.558974 0.504029 0.585348 0.260806 0.611722 0.186081 0.612454 0.131136 0.621245 0.117216
