0 0.239583 0.863542 0.220139 0.864583 0.213889 0.870833 0.207639 0.881250 0.206250 0.881250 0.203472 0.890625 0.209722 0.884375 0.211111 0.880208 0.213889 0.877083 0.220833 0.877083 0.225000 0.879167 0.236111 0.889583 0.233333 0.883333 0.229167 0.880208 0.226389 0.876042 0.228472 0.875000 0.234722 0.880208 0.237500 0.884375 0.237500 0.880208 0.236111 0.879167 0.236806 0.870833 0.239583 0.868750
0 0.216667 0.857292
0 0.306250 0.787500 0.305556 0.794792 0.309722 0.806250 0.310417 0.817708 0.313194 0.813542 0.325694 0.814583 0.332639 0.818750 0.334722 0.822917 0.347222 0.829167 0.345833 0.833333 0.337500 0.834375 0.331944 0.846875 0.337500 0.845833 0.352778 0.835417 0.352778 0.817708 0.343056 0.816667 0.340278 0.813542 0.334028 0.811458 0.328472 0.803125 0.315972 0.797917 0.309028 0.788542
0 0.272917 0.783333 0.270833 0.783333 0.270139 0.784375 0.267361 0.784375 0.266667 0.783333 0.265278 0.783333 0.265278 0.796875 0.265278 0.795833 0.265972 0.794792 0.266667 0.794792 0.268056 0.792708 0.268750 0.792708 0.270139 0.790625 0.270833 0.790625 0.271528 0.789583 0.272222 0.789583 0.272917 0.788542
0 0.218056 0.571875 0.210417 0.592708 0.211806 0.614583 0.205556 0.638542 0.205556 0.652083 0.215278 0.690625 0.208333 0.729167 0.211806 0.770833 0.233333 0.761458 0.226389 0.695833 0.225000 0.630208
0 0.279861 0.567708 0.264583 0.771875 0.275000 0.764583 0.297222 0.765625 0.308333 0.751042 0.314583 0.751042 0.321528 0.757292 0.325000 0.780208 0.347917 0.791667 0.350000 0.782292 0.362500 0.779167 0.364583 0.772917 0.350000 0.741667 0.345139 0.738542 0.343750 0.725000
0 0.440278 0.484375
0 0.241667 0.383333 0.226389 0.460417 0.235417 0.456250 0.245139 0.473958 0.234722 0.473958 0.231944 0.504167 0.240972 0.539583 0.225694 0.552083 0.242361 0.770833 0.211806 0.787500 0.220139 0.792708 0.215972 0.816667 0.226389 0.817708 0.218056 0.853125 0.231944 0.836458 0.226389 0.848958 0.237500 0.844792 0.232639 0.819792 0.237500 0.808333 0.256250 0.814583 0.255556 0.735417 0.272222 0.539583
0 0.259028 0.332292 0.251389 0.346875 0.248611 0.362500 0.260417 0.438542 0.274306 0.508333 0.277083 0.480208 0.263194 0.386458
0 0.350000 0.240625 0.323611 0.257292 0.301389 0.310417 0.268056 0.333333 0.269444 0.364583 0.279861 0.368750 0.272222 0.387500 0.288194 0.465625 0.281250 0.529167 0.371528 0.754167 0.377083 0.707292 0.399306 0.662500 0.386111 0.626042 0.396528 0.588542 0.395833 0.516667 0.405556 0.505208 0.421528 0.550000 0.438889 0.488542 0.431944 0.486458 0.443056 0.472917 0.435417 0.471875 0.451389 0.438542 0.456944 0.450000 0.463889 0.440625 0.495833 0.451042 0.525000 0.415625 0.530556 0.372917 0.512500 0.359375 0.508333 0.339583 0.390278 0.322917 0.381250 0.270833
