0 0.538667 0.802667 0.545333 0.817333 0.578667 0.862667 0.586667 0.860000 0.606667 0.862667 0.649333 0.853333 0.673333 0.852000 0.672000 0.837333 0.662667 0.825333 0.660000 0.817333 0.656000 0.814667 0.572000 0.808000
0 0.240000 0.758667 0.254667 0.780000 0.260000 0.818667 0.293333 0.874667 0.334667 0.868000 0.564000 0.861333 0.518667 0.793333 0.432000 0.764000 0.350667 0.710667 0.314667 0.738667
0 0.277333 0.710667 0.274667 0.712000 0.270667 0.712000 0.269333 0.713333 0.265333 0.713333 0.264000 0.714667 0.260000 0.714667 0.250667 0.718667 0.248000 0.721333 0.248000 0.725333 0.246667 0.726667 0.244000 0.725333 0.244000 0.722667 0.242667 0.721333 0.234667 0.721333 0.232000 0.724000 0.230667 0.724000 0.229333 0.725333 0.229333 0.729333 0.230667 0.730667 0.230667 0.738667 0.228000 0.741333 0.228000 0.744000 0.237333 0.737333 0.244000 0.734667 0.253333 0.728000 0.260000 0.725333 0.266667 0.718667 0.268000 0.718667
0 0.345333 0.702667 0.329333 0.690667 0.318667 0.693333 0.304000 0.701333 0.241333 0.748000 0.281333 0.740000 0.316000 0.728000 0.329333 0.721333 0.345333 0.705333
0 0.516000 0.652000 0.510667 0.668000 0.526667 0.778667 0.574667 0.788000 0.662667 0.792000 0.649333 0.758667 0.669333 0.704000 0.668000 0.686667 0.638667 0.689333 0.613333 0.677333 0.596000 0.680000
0 0.316000 0.676000 0.292000 0.653333 0.282667 0.640000 0.269333 0.636000 0.245333 0.633333 0.245333 0.661333 0.232000 0.689333 0.230667 0.702667 0.222667 0.720000 0.232000 0.718667 0.246667 0.708000 0.266667 0.705333 0.297333 0.694667 0.312000 0.686667 0.316000 0.681333
0 0.512000 0.633333 0.518667 0.637333 0.524000 0.637333 0.546667 0.646667 0.550667 0.646667 0.553333 0.649333 0.570667 0.656000 0.580000 0.661333 0.585333 0.661333 0.586667 0.662667 0.598667 0.662667 0.600000 0.661333 0.585333 0.656000 0.581333 0.652000 0.573333 0.648000 0.572000 0.645333 0.556000 0.640000 0.552000 0.636000 0.546667 0.636000 0.542667 0.633333 0.536000 0.633333 0.534667 0.632000 0.516000 0.632000
0 0.253333 0.624000 0.254667 0.625333 0.256000 0.625333 0.257333 0.626667 0.261333 0.626667 0.262667 0.628000 0.268000 0.628000 0.266667 0.626667 0.265333 0.626667 0.264000 0.625333 0.264000 0.624000
0 0.397333 0.604000 0.392000 0.609333 0.377333 0.652000 0.360000 0.670667 0.345333 0.678667 0.413333 0.736000 0.466667 0.762667 0.510667 0.774667 0.500000 0.649333 0.477333 0.634667
0 0.256000 0.609333 0.252000 0.606667 0.252000 0.605333 0.248000 0.601333 0.248000 0.600000 0.246667 0.598667 0.245333 0.598667 0.244000 0.600000 0.233333 0.600000 0.232000 0.601333 0.230667 0.601333 0.230667 0.602667 0.229333 0.604000 0.229333 0.606667 0.228000 0.608000 0.228000 0.610667 0.226667 0.612000 0.226667 0.616000 0.228000 0.617333 0.237333 0.617333 0.240000 0.614667 0.241333 0.614667 0.245333 0.612000 0.254667 0.612000 0.256000 0.610667
0 0.246667 0.582667 0.296000 0.634667 0.338667 0.673333 0.357333 0.665333 0.372000 0.648000 0.384000 0.610667 0.392000 0.598667 0.280000 0.556000 0.281333 0.564000 0.272000 0.574667
0 0.325333 0.554667 0.326667 0.556000 0.326667 0.557333 0.332000 0.562667 0.336000 0.562667 0.337333 0.564000 0.338667 0.564000 0.342667 0.566667 0.345333 0.566667 0.348000 0.569333 0.349333 0.569333 0.350667 0.570667 0.353333 0.570667 0.354667 0.572000 0.358667 0.572000 0.358667 0.570667 0.356000 0.568000 0.356000 0.566667 0.352000 0.562667 0.350667 0.562667 0.344000 0.556000 0.332000 0.556000 0.330667 0.554667
0 0.284000 0.526667 0.284000 0.530667 0.282667 0.532000 0.294667 0.544000 0.294667 0.545333 0.297333 0.548000 0.298667 0.548000 0.305333 0.552000 0.308000 0.552000 0.309333 0.553333 0.310667 0.552000 0.316000 0.552000 0.292000 0.530667 0.290667 0.530667 0.289333 0.529333 0.288000 0.529333 0.285333 0.526667
0 0.285333 0.518667 0.285333 0.521333 0.286667 0.521333 0.288000 0.524000 0.298667 0.529333 0.318667 0.548000 0.324000 0.550667 0.334667 0.550667 0.337333 0.548000 0.337333 0.544000 0.332000 0.538667 0.326667 0.529333 0.321333 0.524000 0.314667 0.510667 0.305333 0.500000 0.305333 0.501333 0.301333 0.504000 0.301333 0.505333 0.292000 0.516000
0 0.316000 0.497333 0.354667 0.557333 0.402667 0.592000 0.493333 0.626667 0.556000 0.628000 0.622667 0.664000 0.654667 0.658667 0.650667 0.608000 0.632000 0.569333 0.634667 0.556000 0.608000 0.469333 0.620000 0.442667 0.566667 0.390667 0.498667 0.377333 0.448000 0.401333 0.444000 0.412000 0.422667 0.414667 0.444000 0.420000 0.432000 0.437333 0.406667 0.436000 0.405333 0.453333
